2
4
10
12
25
30
31
32
57
71
144
176
187
192
194
997
21549
21550
21552
21554
21556
21562
21577
21582
21589
21616
21624
21632
21636
21643
21649
21654
21657
21677
21678
21680
21690
21706
21707
21709
21738
21740
21744
21749
21750
21755
21773
21794
21801
21802
21812
21826
21833
21843
21847
21849
21860
21861
21862
22620
23304
25674
25675
25676
25678
25680
25681
25683
25684
25685
25691
25693
25694
25695
25696
25700
25702
25705
25706
25710
25712
25716
25720
25721
25722
25723
25725
25731
25732
25733
25734
25735
25740
25742
25744
25745
25748
25749
25750
25751
25754
25755
25758
25762
25768
25769
25770
25773
25776
25777
25778
25780
25781
25783
25787
25788
25789
25790
25791
25792
25793
25799
25800
25802
25803
25807
25809
25811
25812
25816
25817
25818
25820
25821
25822
25825
25826
25829
25830
25831
25833
25835
25836
25839
25842
25843
25845
25846
25848
25849
25853
25854
25855
25857
25859
25862
25863
25864
25872
25875
25879
25884
25885
25889
25895
25902
25903
25907
25908
25909
25910
25911
25912
25913
26867
26868
26869
26870
26871
26872
26874
26875
26879
26880
26881
26883
26884
26885
26889
26890
26891
26896
26898
26901
26902
26904
26905
26906
26907
26908
26910
26911
26913
26916
26917
26918
26920
26923
26924
26925
26927
26928
26930
26932
26933
26934
26937
26939
26940
26942
26943
26944
26945
26946
26948
26950
26951
26952
26953
26954
26955
26956
26960
26961
26962
26963
26964
26966
26967
26968
26969
26972
26976
26977
26978
26979
26980
26981
27303
28974
30014
30028
30029
30037
30039
30040
30048
30056
30069
30074
30082
30088
30092
30094
30109
30113
30115
30117
30137
30142
30144
30150
30151
30162
30169
30176
30188
30190
30212
30214
30218
30228
30230
30243
30246
30249
30268
30275
30278
30281
30287
30291
30299
30307
30308
30356
30365
30389
30407
30408
30425
30455
30458
30470
30477
30499
30507
30511
30512
30518
30521
30523
30527
30559
30563
30566
30575
30593
30599
30601
30609
30614
30626
30635
30639
30644
30648
30652
30653
30656
30657
30666
30671
30676
30682
30684
30685
30718
30720
30723
30737
30746
30752
30757
30771
30787
58911
69340
69341
69342
69346
69348
69349
69351
69354
69358
69359
69360
69364
69365
69367
69369
69371
69378
69541
69542
69619
69627
69782
69867
69880
715
833
989
1158
1296
1579
1580
1624
1738
1869
1895
2976
3584
3614
3736
3757
3885
3886
3906
3951
4105
4467
4944
4955
5038
5061
5300
5378
5393
5474
6078
6173
6288
6330
6464
6951
6962
7041
7908
7949
8025
8132
8306
8313
8333
8348
8415
8695
8765
8803
8876
8885
8886
8907
8912
9000
9674
9703
9722
9878
9948
10015
10653
10654
10705
10727
10745
10805
10821
10841
10860
11289
11302
11361
11403
11453
11737
11806
11859
11861
11922
12093
12280
12298
12299
12351
12359
12433
12447
12474
12821
12824
12847
13234
13256
13283
13313
13377
13388
13393
13601
13618
13623
13634
13644
13647
13822
13827
13962
13973
14177
14187
14202
14214
14249
14318
14347
14363
14388
14390
14395
14443
14452
14954
15179
15353
15376
15462
15471
15517
15525
15594
15616
15657
15711
15755
15983
16043
16050
16064
16074
16082
16105
16108
16151
16157
16160
16162
16218
16222
16258
16273
16322
16367
16381
16383
16393
16435
16436
16449
16477
16524
16607
16613
16766
16775
16777
16781
16784
16811
16847
16916
16918
16923
16942
16966
16978
16981
17000
17037
17098
17145
17151
17158
17177
17198
17233
17284
17289
17305
17321
17432
17451
17465
17466
17476
17659
17675
17681
17717
17725
17726
17728
17740
17763
17765
17772
17773
17774
17800
17815
17818
18004
18012
18048
18049
18099
18100
18109
18124
18262
18268
18271
18298
18302
18328
18332
21189
21198
21924
21931
21935
21961
21992
21997
22001
22010
22018
22021
22023
22085
22116
22119
22120
22130
22182
22185
22190
22194
22196
22205
22208
22216
22221
22229
22237
22252
22277
22278
22280
22281
22287
22291
22303
22310
22317
22321
22326
22327
22330
22335
22341
22346
22372
22377
22384
22393
22400
22403
22406
22414
22415
22417
22419
22421
22426
22431
22432
22434
22435
22442
22445
22450
22457
22458
22467
22470
22471
22477
22480
22481
22485
22488
22490
22498
22501
22502
22509
22510
22512
22526
22531
22537
22540
22554
22558
22565
22568
22572
22578
22589
22594
22611
22635
22641
22642
22643
22647
22651
22654
22659
22663
22669
22670
22673
22679
22680
22689
22691
22694
22703
22704
22711
22714
22728
22735
22736
22739
22741
22742
22743
22744
22745
22747
22750
22753
22754
22768
22773
22776
22777
22781
22783
22785
22790
22792
22794
22796
22797
22798
22805
22810
22812
22813
22818
22823
22831
22832
22835
22842
22843
22844
22849
22857
22858
22862
22863
22865
22866
22871
22872
22873
22875
22885
22887
22888
22890
22894
22908
22913
22916
22918
22921
22923
22924
22928
22952
22956
22959
22966
22974
22976
22977
22978
22982
22986
22988
22993
22995
22996
22999
23000
23004
23005
23012
23016
23017
23026
23027
23029
23030
23031
23032
23038
23045
23053
23055
23061
23066
23073
23078
23079
23082
23094
23104
23116
23123
23128
23142
23182
23195
23199
23213
23218
23229
23232
23235
23239
23244
23251
23264
23265
23278
23280
23282
23288
23324
23334
23353
23354
23356
23392
23432
23433
23441
23446
23450
23451
23460
23463
23492
23500
23511
23514
23522
23530
23558
23572
23589
23590
23594
23599
23608
23612
23619
23620
23622
23634
23651
23672
23680
23687
23689
23693
23711
23726
23727
23729
23732
23734
23736
23748
23753
23759
23762
23763
23767
23768
23772
23778
23779
23781
23784
23789
23794
23803
23808
23824
23839
23848
23849
23869
23875
23895
23896
23909
23913
23917
23919
23932
23943
23953
23954
23962
23965
23996
24004
24013
24022
24027
24028
24029
24032
24056
24058
24060
24069
24075
24082
24093
24100
24105
24108
24112
24115
24118
24119
24129
24133
24143
24150
24154
24156
24157
24163
24167
24178
24183
24199
24220
24222
24225
24231
24236
24240
24242
24247
24251
24263
24279
24280
24298
24301
24312
24320
24328
24331
24340
24349
24352
24363
24369
24377
24392
24397
24400
24405
24410
24432
24436
24443
24448
24474
24486
24499
24500
24502
24504
24506
24507
24508
24510
24516
24520
24531
24533
24539
24542
24545
24547
24568
24573
24575
24581
24582
24587
24599
24601
24613
24635
24640
24648
24649
24657
24662
24664
24673
24682
24686
24688
24693
24696
24697
24702
24733
24747
24749
24764
24766
24778
24784
24786
24790
24795
24796
24800
24808
24816
24817
24835
24842
24854
24856
24888
24891
24894
24901
24911
24914
24916
24918
24927
24930
24931
24935
24949
24953
24958
24967
24971
24974
24980
24982
24984
24992
24996
24997
24998
25000
25002
25003
25011
25021
25023
25027
25029
25043
25053
25055
25061
25063
25064
25070
25071
25072
25079
25086
25105
25106
25113
25120
25122
25124
25144
25163
25169
25177
25182
25188
25199
25207
25213
25224
25226
25240
25246
25247
25259
25260
25276
25279
25299
25305
25328
25339
25342
25346
25359
25360
25389
25416
25429
25439
25449
25506
25510
25511
25524
25536
25572
25588
25613
25620
25622
25632
25651
25652
25653
25655
25658
25665
25667
25668
25914
25918
25921
25923
25926
25927
25933
25934
25939
25941
25942
25949
25952
25954
25961
25964
25970
25971
25976
25978
25983
25990
26004
26021
26025
26033
26037
26044
26051
26073
26075
26077
26085
26088
26092
26093
26096
26100
26104
26105
26106
26108
26112
26113
26115
26118
26121
26124
26125
26126
26127
26128
26129
26131
26132
26135
26137
26141
26145
26146
26148
26151
26160
26161
26162
26163
26166
26167
26169
26172
26173
26174
26175
26180
26183
26186
26189
26191
26192
26205
26207
26208
26215
26218
26235
26236
26243
26250
26289
26290
26293
26299
26304
26310
26326
26332
26334
26346
26351
26356
26357
26359
26367
26375
26377
26382
26385
26388
26404
26406
26408
26410
26428
26434
26438
26455
26456
26466
26476
26485
26489
26491
26495
26500
26509
26520
26526
26545
26549
26553
26555
26556
26558
26562
26564
26566
26570
26571
26577
26582
26587
26589
26596
26597
26612
26614
26616
26619
26622
26627
26629
26631
26633
26635
26640
26643
26651
26654
26659
26662
26663
26673
26674
26682
26684
26685
26689
26691
26693
26703
26708
26722
26726
26727
26730
26732
26733
26738
26739
26747
26751
26757
26761
26768
26778
26780
26785
26795
26808
26815
26817
26829
26830
26831
26834
26835
26844
26855
26858
26862
26989
26998
27001
27006
27007
27008
27010
27015
27021
27024
27026
27028
27036
27052
27069
27071
27074
27075
27076
27081
27083
27085
27087
27088
27090
27097
27099
27103
27107
27108
27109
27110
27112
27115
27116
27121
27126
27132
27135
27138
27144
27148
27149
27154
27155
27163
27170
27173
27185
27186
27188
27190
27213
27216
27219
27231
27239
27241
27244
27249
27251
27258
27260
27261
27263
27266
27274
27276
27277
27279
27283
27284
27295
27301
27306
27319
27330
27341
27363
27372
27394
27424
27429
27444
27445
27453
27455
27473
27486
27487
27489
27496
27509
27513
27514
27524
27527
27537
27545
27546
27549
27553
27557
27572
27576
27589
27595
27611
27619
27632
27636
27657
27663
27674
27675
27676
27682
27690
27696
27711
27717
27725
27737
27746
27763
27765
27766
27770
27773
27783
27787
27788
27795
27809
27815
27825
27838
27845
27852
27878
27895
27897
27899
27900
27901
27914
27916
27922
27926
27935
27937
27938
27940
27946
27950
27958
27961
27966
27968
27969
27970
27977
27978
27987
27991
27999
28010
28012
28043
28044
28048
28053
28066
28067
28074
28087
28090
28096
28101
28104
28105
28126
28129
28142
28163
28165
28174
28187
28193
28195
28199
28204
28211
28213
28218
28229
28234
28240
28244
28247
28250
28259
28268
28269
28272
28278
28280
28281
28282
28283
28284
28287
28289
28291
28296
28303
28304
28310
28315
28330
28331
28333
28345
28347
28352
28363
28365
28368
28370
28372
28374
28386
28392
28396
28399
28404
28405
28408
28409
28414
28419
28422
28425
28438
28439
28442
28446
28448
28452
28453
28462
28471
28474
28476
28477
28478
28481
28485
28494
28499
28501
28502
28504
28507
28509
28512
28521
28525
28527
28528
28532
28539
28545
28546
28548
28549
28556
28560
28562
28563
28564
28569
28571
28574
28576
28577
28578
28579
28580
28585
28596
28607
28610
28626
28636
28638
28639
28641
28645
28647
28661
28665
28667
28668
28669
28672
28673
28675
28676
28679
28680
28686
28691
28692
28698
28704
28710
28722
28723
28726
28727
28728
28734
28737
28738
28740
28741
28742
28747
28751
28756
28757
28759
28776
28778
28793
28794
28795
28800
28801
28803
28806
28819
28824
28828
28841
28842
28843
28844
28845
28846
28847
28857
28861
28866
28869
28874
28882
28886
28890
28894
28896
28897
28901
28912
28916
28917
28924
28926
28927
28936
28938
28942
28943
28944
28946
28951
28961
28962
28963
28975
28981
28983
28993
29007
29017
29025
29026
29027
29037
29039
29040
29048
29051
29058
29059
29061
29068
29072
29082
29083
29084
29087
29093
29094
29100
29102
29103
29106
29107
29110
29112
29113
29114
29115
29117
29120
29127
29131
29135
29136
29138
29139
29142
29143
29146
29151
29152
29159
29177
29187
29189
29195
29198
29199
29205
29213
29215
29220
29226
29246
29247
29248
29258
29262
29269
29280
29307
29331
29350
29357
29375
29377
29380
29393
29397
29398
29410
29428
29455
29482
29497
29509
29511
29516
29534
29544
29554
29563
29564
29569
29580
29584
29597
29600
29611
29621
29624
29629
29636
29642
29649
29661
29669
29671
29673
29677
29686
29687
29694
29695
29696
29698
29720
29725
29730
29736
29755
29756
29758
29763
29765
29766
29767
29768
29777
29784
29788
29792
29805
29806
29816
29823
29827
29841
29872
29985
29986
30452
30597
30611
31166
31170
31237
31514
31843
31846
31917
32077
32171
32234
32509
32781
32782
32856
35764
35790
36008
36020
36256
36309
36396
36866
37012
37033
37253
37299
37519
37950
38019
38272
39024
39300
39341
39381
39527
39544
39740
39943
40068
40577
40855
40965
42072
42274
42616
42705
42758
43047
43531
43935
44485
44620
44980
45283
45766
45839
46190
46291
46604
46741
46745
46798
47169
47440
47539
47551
47839
48150
48293
48621
48637
48813
48880
48892
48948
49088
49334
49388
49404
49670
49786
49792
49796
49834
49991
50095
50111
50143
50421
50575
50677
50983
50999
51117
51185
51189
51217
51317
51407
51409
51537
51549
51553
51663
51757
51777
51807
51889
52073
67581
67623
67648
67822
67824
67825
67827
67828
67831
67832
67833
67834
67836
67837
67838
67839
67841
67842
67843
67844
67845
67846
67847
67848
67850
67851
67852
67853
67854
67855
67856
67857
67858
67859
67860
67861
67862
67863
67864
67865
67866
67867
67870
67872
67873
67874
67875
67876
67878
67879
67880
67881
67882
67884
67885
67886
67889
67890
67891
67892
67893
67894
67895
67896
67897
67898
67899
67900
67901
67902
67903
67904
67905
67906
67908
67909
67910
67911
67912
67913
67914
67916
67917
67918
67919
67920
67921
67922
67923
67925
67926
67927
67928
67930
67931
67932
67935
67936
67968
67985
67988
67990
67999
68013
68029
68033
68040
68046
68061
68062
68068
68073
68077
68080
68098
68100
68109
68115
68124
68126
68135
68142
68158
68159
68160
68169
68173
68180
68191
68199
68209
68214
68216
68222
68225
68226
68227
68232
68235
68257
68270
68272
68277
68297
68311
68312
68327
68331
68333
68335
68353
68357
68359
68364
68369
68380
68387
68390
68391
68396
68397
68398
68399
68400
68402
68404
68410
68412
68428
68443
68448
68449
68450
68455
68465
68485
68487
68496
68501
68510
68522
68531
68547
68549
68553
68569
68577
68578
68581
68583
68585
68596
68597
68607
68609
68611
68619
68624
68638
68643
68654
68656
68659
68662
68672
68694
68709
68728
68729
68734
68735
68740
68741
68747
68750
68754
68771
68776
68779
68782
68785
68788
68789
68790
68792
68802
68803
68804
68805
68816
68818
68819
68820
68821
68826
68829
68831
68832
68835
68839
68841
68843
68853
68854
68856
68857
68858
68859
68861
68864
68866
68867
68868
68869
68871
68872
68875
68876
68878
68883
68884
68885
68889
68890
68891
68893
68894
68897
68898
68901
68902
68903
68906
68907
68908
68909
68910
68911
68912
68913
68915
68918
68919
68920
68924
68925
68926
68927
68928
68929
68930
68931
68933
68934
68936
68937
68938
68940
68944
68945
68946
68947
68949
68952
68954
68955
68956
68957
68958
68959
68962
68964
68965
68966
68967
68968
68969
68970
68971
68973
68974
68975
68977
68992
68997
69015
69020
69049
69067
69068
69069
69070
69072
69074
69075
69083
69088
69096
69108
69122
69143
69160
69161
69163
69171
69172
69182
69203
69215
69227
69238
69240
69250
69253
69265
69315
69325
69496
69643
69674
69761
43
56
64
517
574
811
904
958
1033
21532
22040
22051
22056
26311
29161
84654
85685
94052
94179
94187
94192
94193
282
284
297
314
332
353
364
371
384
390
391
393
415
421
422
429
442
461
479
489
519
547
551
566
568
570
579
614
616
630
648
651
656
690
727
732
735
742
787
799
826
872
888
932
953
983
986
999
1013
1023
1042
1067
1076
1084
1092
1109
1115
1116
1122
1124
1128
1135
1136
1164
1166
1177
1199
1231
1232
1246
1250
1264
1266
1271
1372
1435
1462
1464
1520
1536
1556
1578
1588
1716
1722
1730
1737
1744
1816
1818
1900
1904
1932
1936
1938
2044
2046
2049
2050
2096
2112
2115
2129
2165
2218
2485
2505
2528
2597
2601
2604
2606
2663
2676
2682
2683
2777
2778
2791
2809
2894
2904
2906
2910
2918
2954
2956
2965
2969
2979
3042
3240
3351
3370
3373
3385
3394
3402
3404
3411
3416
3427
3521
3531
3539
3541
3564
3565
3571
3575
3577
3580
3588
3593
3599
3637
3642
3647
3830
3831
3862
3884
3901
3918
3920
3938
3961
3965
3991
3992
3997
4027
4041
4042
4405
4414
4462
4527
4534
4553
4706
4826
4837
4842
4844
4943
4951
4958
4964
4965
4971
4980
4985
5002
5014
5027
5058
5076
5082
5092
5099
5100
5105
5123
5125
5129
5137
5274
5303
5309
5318
5330
5336
5348
5352
5373
5397
5443
5452
5473
5502
5505
5507
5512
5513
5518
5521
5528
5531
5537
5630
5677
5724
6042
6044
6059
6072
6174
6181
6188
6204
6209
6212
6224
6246
6279
6281
6290
6318
6321
6322
6326
6333
6335
6340
6341
6343
6365
6367
6388
6746
6750
6764
6772
6788
6792
6800
6813
6825
6850
6853
6875
6884
6887
6894
6909
6916
6920
6921
6929
6941
6944
6947
6952
6955
6958
6960
6964
6965
6976
6977
7006
7018
7032
7401
7490
7529
7549
7568
7575
7727
7746
7751
7882
7888
7890
7895
7896
7903
7919
7941
7945
7948
7988
8007
8017
8019
8022
8028
8030
8041
8043
8189
8248
8251
8265
8267
8273
8300
8303
8305
8312
8318
8335
8343
8344
8346
8349
8370
8380
8384
8387
8388
8389
8392
8394
8399
8422
8424
8427
8441
8442
8443
8445
8456
8463
8466
8474
8484
8623
8646
8711
8724
8732
8744
8745
8754
8758
8761
8767
8770
8807
8811
8815
8821
8831
8833
8837
8841
8854
8858
8870
8871
8887
8888
8894
8895
8897
8916
8919
8923
8929
8941
8948
8949
8951
8956
8978
8982
9002
9003
9006
9009
9027
9028
9032
9034
9035
9036
9040
9065
9066
9071
9075
9076
9089
9091
9094
9097
9101
9319
9402
9497
9509
9529
9532
9534
9536
9541
9561
9588
9605
9614
9617
9619
9656
9664
9683
9693
9694
9695
9732
9818
9870
9871
9924
9927
9928
9940
9947
9953
9958
9968
9975
9980
9981
9983
9984
9985
9987
9988
9992
9993
9994
10001
10014
10023
10024
10027
10029
10031
10033
10043
10046
10047
10049
10056
10073
10077
10085
10094
10098
10104
10111
10122
10124
10131
10133
10134
10137
10139
10148
10149
10154
10159
10161
10167
10174
10177
10178
10276
10365
10409
10414
10419
10424
10428
10434
10440
10452
10455
10459
10469
10643
10657
10659
10666
10667
10669
10692
10699
10700
10708
10714
10716
10721
10733
10735
10736
10739
10740
10747
10750
10752
10753
10760
10770
10771
10773
10778
10779
10789
10790
10792
10800
10808
10817
10819
10826
10828
10842
10844
10847
10851
10852
10855
10859
10861
10862
10868
10871
10872
10876
10879
10884
10888
10890
10892
10901
10903
10905
10906
10909
11203
11246
11274
11280
11295
11296
11308
11314
11334
11336
11339
11351
11353
11369
11370
11371
11378
11384
11394
11404
11431
11432
11474
11481
11484
11485
11486
11487
11492
11578
11611
11614
11621
11624
11625
11662
11700
11702
11709
11713
11717
11723
11729
11733
11734
11740
11743
11745
11758
11759
11763
11766
11774
11776
11778
11779
11780
11785
11786
11787
11791
11793
11798
11799
11804
11812
11815
11818
11823
11826
11831
11834
11837
11838
11840
11843
11844
11846
11847
11848
11851
11852
11856
11857
11860
11862
11863
11864
11865
11871
11874
11885
11888
11891
11893
11894
11896
11899
11900
11909
11910
11912
11919
11921
11928
11931
11932
11940
11941
11942
12094
12095
12096
12104
12105
12112
12194
12202
12204
12205
12217
12223
12224
12225
12227
12228
12229
12230
12231
12235
12236
12241
12248
12251
12253
12258
12276
12281
12282
12288
12289
12293
12297
12302
12303
12311
12316
12319
12320
12331
12348
12349
12350
12357
12361
12364
12367
12368
12369
12374
12375
12378
12380
12384
12387
12392
12394
12395
12396
12397
12398
12401
12402
12403
12405
12406
12407
12409
12414
12419
12424
12426
12428
12431
12436
12438
12440
12441
12442
12445
12446
12450
12451
12453
12454
12456
12458
12459
12462
12464
12465
12467
12468
12472
12473
12477
12478
12479
12483
12722
12723
12730
12733
12737
12740
12745
12747
12748
12749
12753
12756
12761
12763
12767
12768
12776
12782
12784
12785
12787
12788
12790
12791
12795
12797
12798
12802
12804
12805
12808
12809
12811
12812
12813
12815
12817
12818
12822
12830
12837
12838
12839
12841
12844
12848
12849
12850
12851
12852
12853
12855
12857
12858
12861
12862
12864
12866
12868
12870
13189
13219
13220
13221
13223
13230
13231
13233
13242
13245
13248
13258
13262
13263
13264
13266
13272
13275
13278
13280
13281
13285
13289
13292
13293
13294
13295
13296
13297
13298
13299
13301
13304
13305
13307
13308
13309
13310
13314
13316
13317
13318
13319
13330
13334
13335
13337
13340
13342
13350
13354
13356
13365
13369
13385
13390
13397
13401
13402
13403
13408
13409
13411
13412
13413
13417
13539
13543
13569
13591
13596
13612
13619
13621
13622
13628
13637
13638
13639
13641
13642
13643
13645
13648
13651
13653
13654
13656
13665
13668
13669
13675
13698
13700
13702
13710
13713
13718
13719
13720
13722
13725
13728
13730
13735
13740
13744
13745
13750
13753
13756
13757
13758
13779
13780
13803
13804
13807
13814
13815
13818
13819
13828
13829
13893
13902
13903
13908
13911
13916
13946
13950
13951
13957
13958
13971
13976
13981
13986
13991
13993
14001
14003
14009
14013
14020
14023
14032
14039
14040
14042
14043
14046
14052
14053
14054
14056
14062
14066
14071
14073
14074
14076
14078
14079
14081
14082
14085
14091
14094
14103
14105
14120
14128
14136
14147
14150
14152
14154
14157
14158
14159
14161
14162
14164
14168
14169
14170
14173
14174
14175
14182
14183
14185
14186
14188
14190
14191
14192
14193
14196
14199
14201
14203
14204
14205
14215
14217
14218
14219
14220
14224
14225
14228
14232
14233
14234
14236
14238
14247
14251
14252
14254
14255
14256
14258
14260
14261
14263
14269
14279
14280
14282
14293
14299
14300
14315
14321
14327
14334
14335
14337
14339
14340
14341
14349
14351
14356
14360
14367
14368
14369
14371
14372
14373
14376
14377
14379
14383
14391
14392
14403
14404
14407
14409
14412
14414
14416
14418
14420
14421
14425
14427
14434
14438
14444
14457
14459
14461
14463
14465
14468
14469
14470
14471
14473
14475
14477
14479
14480
14483
14484
14485
14486
14488
14706
14716
14816
14850
14950
14959
14962
14963
14965
14966
15037
15088
15091
15094
15096
15103
15104
15106
15107
15117
15173
15180
15184
15188
15189
15197
15199
15200
15201
15202
15203
15204
15206
15208
15214
15215
15218
15224
15227
15237
15241
15245
15251
15261
15266
15267
15270
15273
15274
15346
15358
15382
15383
15450
15465
15466
15476
15492
15504
15515
15520
15522
15524
15537
15569
15571
15573
15575
15576
15581
15589
15591
15610
15612
15617
15622
15638
15639
15646
15659
15666
15682
15683
15685
15690
15697
15701
15703
15708
15709
15710
15722
15730
15765
15772
15773
15776
15780
15785
15786
15787
15788
15789
15791
15792
15799
15813
15814
15818
15820
15821
15822
15827
15839
15871
15884
15890
15892
15899
15907
15913
15920
15926
15927
15930
15931
15934
15935
15943
15950
15960
15967
15987
15988
16002
16014
16019
16020
16028
16030
16036
16041
16045
16048
16049
16056
16059
16062
16065
16070
16072
16076
16078
16081
16085
16086
16097
16099
16100
16101
16102
16103
16107
16154
16155
16158
16163
16165
16169
16170
16190
16210
16214
16217
16219
16220
16221
16248
16250
16252
16253
16254
16255
16257
16263
16272
16274
16280
16282
16311
16317
16343
16361
16392
16404
16428
16474
16496
16540
16554
16581
16595
16604
16605
16614
16754
16789
16814
16826
16898
16901
16946
16957
16964
16969
16970
16980
17004
17011
17019
17023
17031
17035
17036
17041
17045
17049
17070
17107
17108
17110
17114
17116
17117
17118
17119
17127
17157
17160
17178
17191
17200
17232
17241
17242
17254
17279
17292
17297
17317
17409
17438
17497
17499
17500
17504
17512
17656
17658
17663
17665
17670
17671
17694
17697
17716
17718
17736
17737
17746
17748
17759
17771
17790
17804
17807
17814
17817
17987
17991
17992
17999
18001
18005
18008
18010
18014
18016
18017
18023
18024
18029
18034
18038
18040
18043
18047
18053
18067
18068
18072
18074
18089
18090
18093
18096
18101
18102
18104
18114
18115
18121
18122
18125
18130
18134
18136
18137
18138
18140
18144
18145
18146
18148
18149
18153
18156
18157
18158
18161
18169
18170
18171
18172
18175
18179
18181
18182
18184
18187
18197
18200
18201
18205
18206
18214
18216
18217
18219
18222
18224
18225
18254
18263
18270
18297
18301
18304
18308
18309
21180
21196
21197
21869
21871
21886
21891
21896
21898
21899
21908
21911
21915
21921
21923
21930
21933
21940
21943
21958
21960
21962
21968
21980
21983
21984
21987
21996
21999
22009
22017
22019
22020
22022
22046
22139
22142
23110
23115
23141
23154
23156
23161
23171
23308
23311
23318
23329
23330
23331
23335
23336
23337
23338
23339
23347
23359
23369
23375
23376
23501
23519
23544
26067
26313
29176
