3638
5437
5446
5490
17005
22059
25191
25611
25154
25164
25222
25239
25252
25253
25261
25284
25288
25366
25420
25427
25491
25539
25540
25544
25617
25635
25314
25337
25357
25376
25579
25598
25615
25637
25098
25101
25135
25212
25219
25230
25238
25292
25354
25391
25475
25499
25525
25526
25561
25576
25642
25109
25146
25353
25405
25446
25522
25551
24348
24519
25175
25190
25218
25225
25267
25343
25396
25409
25417
25425
25471
25541
25543
25545
25597
25145
25227
25344
25390
25450
25505
25586
25589
25646
25137
25183
25192
25300
25351
25401
25443
25444
25575
25604
25162
25233
25245
25509
25603
24248
25110
25114
25118
25139
25143
25165
25168
25171
25176
25196
25200
25209
25220
25249
25290
25293
25296
25312
25327
25355
25362
25364
25365
25377
25379
25383
25395
25404
25407
25415
25438
25441
25447
25452
25455
25458
25474
25480
25489
25495
25496
25553
25556
25565
25574
25583
25621
25624
25631
25638
25644
25649
23648
23655
23701
23792
23921
23930
23970
23985
24084
24652
24663
25519
25563
23584
23670
23882
24172
24211
24296
25403
25527
25654
21193
21942
25275
26308
22514
23815
23923
26306
23605
23606
23610
23613
23615
23617
23630
23632
23633
23635
23636
23652
23656
23667
23671
23678
23717
23722
23739
23744
23746
23758
23780
23838
23933
23937
23998
24019
24052
24055
24074
24086
24125
24140
24170
24190
24212
24228
24233
24244
24249
24261
24441
24529
24563
24569
24570
24627
24636
24661
24734
24762
24763
24794
24798
24839
24840
24875
24920
24924
24961
25006
25007
25032
25423
25493
25241
25264
25411
25469
25555
26325
26329
26331
26340
26345
26358
26370
26398
26409
26429
26435
26442
26445
26447
26454
26457
26482
26516
26544
26559
26568
26574
26580
26581
26608
26624
26625
26630
26638
26657
26686
26688
26690
26745
26749
26753
26755
26803
26810
26849
26854
26861
26985
26996
27005
27009
27013
27014
27016
27020
27031
27034
27060
27140
27146
26330
26343
26394
26430
26432
26443
26678
26752
26797
27023
27167
26417
23918
25281
27039
21185
21186
22389
22391
22392
22757
25250
26017
26231
26282
26508
26554
26775
27049
17109
21932
22528
25156
25500
26198
26206
26244
26333
26360
26363
26458
26493
26496
26530
26567
26606
26656
26672
26698
26721
26788
26821
27065
27092
27153
21885
23549
26499
21190
24299
24566
24806
25026
21880
21881
18337
22780
23015
26042
27094
23593
23624
23653
23663
23939
24006
24049
24731
24945
25096
25116
25465
25494
25596
23637
23682
23984
24053
25262
23609
23676
23766
23843
23892
27089
26572
26676
26784
26793
27037
27038
23884
23893
24073
24106
24276
24684
24735
24991
25034
25166
25236
26552
27218
24145
23567
23570
23576
23598
23627
23638
23650
23669
23688
23690
23691
23694
23695
23716
23720
23728
23731
23733
23743
23760
23802
23809
23829
23833
23844
23846
23853
23870
23878
23880
23901
23903
23924
23927
23934
23952
23958
23960
23971
23980
23988
23990
23991
23992
23997
24014
24015
24020
24033
24035
24040
24057
24062
24068
24077
24081
24096
24107
24109
24126
24134
24139
24149
24159
24160
24162
24187
24191
24194
24216
24221
24223
24232
24237
24241
24256
24258
24262
24270
24283
24286
24291
24306
24523
24550
24557
24637
24643
24668
24845
25019
25033
25085
25202
25235
25254
25298
25454
26513
27262
27626
27182
28185
27889
23673
23681
23750
23752
23755
23955
24054
24292
25133
23929
23947
23977
23986
24011
24012
24061
24290
24647
24718
24887
23654
23922
23945
24023
24039
24099
24174
24206
24224
24259
24268
24294
24553
24952
26349
23569
23585
23657
23692
23738
23774
23823
23859
23874
23941
23956
23957
24026
24110
24180
24204
24229
24646
24669
24694
24705
24753
24757
24885
24951
25014
25039
25041
25066
25123
26992
23644
23712
23742
23765
23821
23827
23851
23873
23879
23881
23898
23904
23963
23993
24036
24090
24141
24147
24177
24205
24288
24526
24551
24677
24725
24761
24774
24775
24813
26644
27364
23568
23581
23643
23668
23773
23775
23791
23796
23825
23876
23891
23914
23916
23926
23969
23981
23989
24001
24030
24038
24130
24132
24138
24144
24171
24181
24198
24208
24219
24243
24277
24287
24303
24304
24535
24538
24616
24638
24645
24656
24678
24823
24829
25010
25045
25095
25107
25129
25217
25229
25338
25381
25459
25669
23582
23607
23640
23649
23725
23782
23801
23813
23842
23867
23872
23940
23967
24009
24017
24076
24214
24278
24540
24617
24619
24631
24665
24713
24830
25097
25497
25503
25915
25963
27220
27240
27278
27373
27667
23946
24041
24103
24122
24165
24188
24272
24543
24670
24745
25089
23631
23683
23788
23799
23920
23949
24094
24164
24227
24260
24530
24560
24562
24618
24629
24642
24695
24723
24793
24832
24897
24960
24965
25068
25074
26783
28586
29086
23623
24564
24868
24923
23889
24083
24196
24293
24895
25317
25392
24018
24709
24720
26337
26342
26362
26380
26391
26421
26437
26462
26477
26507
26534
26573
26579
26593
26604
26605
26669
26700
26709
26720
26735
26740
26743
26756
26771
26773
26781
26791
26806
26822
26841
26865
28292
28298
28351
28362
28380
28384
28393
28398
28443
28444
28468
28505
28538
28584
28670
28674
28735
28744
28746
28749
28754
28811
28830
28929
28941
28965
28987
29111
23911
23931
24087
24950
25025
28297
28459
28496
28524
28561
28637
28671
28685
28730
28820
5578
21184
25324
25645
28687
67830
67871
68036
68194
68244
68246
68249
68275
68298
68318
68370
68372
68406
68486
29029
16750
16752
16768
16778
16809
16824
16888
16890
16891
16905
16965
17010
17038
17048
17050
18283
18323
21195
21944
22014
22079
22083
22396
22577
22759
22775
23472
24518
24521
24586
24717
25126
25329
25433
25520
25568
25639
25647
26045
26224
26249
26254
26262
26267
26268
26364
26366
26372
26381
26383
26389
26393
26402
26405
26411
26414
26425
26426
26441
26448
26450
26451
26452
26453
26460
26463
26468
26471
26483
26486
26487
26503
26504
26510
26519
26524
26535
26536
26537
26539
26540
26543
26546
26550
26576
26578
26590
26591
26594
26595
26607
26617
26620
26621
26626
26628
26634
26646
26649
26652
26653
26668
26670
26677
26680
26681
26692
26695
26701
26704
26706
26711
26714
26719
26731
26734
26754
26758
26759
26764
26767
26769
26786
26787
26794
26796
26800
26802
26804
26811
26812
26818
26819
26827
26836
26838
26840
26845
26847
26848
26857
26860
26863
26990
26993
27017
27040
27044
27045
27053
27059
27078
27084
27143
27195
27196
27204
27221
27227
27234
27235
27252
27255
27256
27282
27298
27351
27383
27428
27433
27530
27535
27600
27641
27671
27759
27761
27786
27861
28037
28038
28065
28073
28077
28145
28150
28176
28224
28325
28360
28500
28551
28573
28717
28915
29042
29066
29067
29538
29539
72298
72303
72316
72337
72362
72365
72397
72428
72438
72446
72504
72519
72581
72584
72596
72598
72630
72633
72653
72669
72672
72690
72691
72714
72718
72720
72733
72756
72778
72788
72793
72816
72839
72848
72880
72936
72955
73031
73056
73073
73075
73093
73116
73137
73147
73239
73592
73638
73658
73662
73686
73719
73730
73737
73741
73746
73750
73759
73769
73786
73792
73824
73895
73917
73955
73965
73976
74012
74390
74416
74433
74446
74466
74483
74486
74501
74509
74513
74534
74551
74563
74609
74614
74622
74629
74632
74651
74673
74680
74685
74688
74693
74696
74697
74754
74761
74793
74798
74813
74816
74817
74819
74827
74852
74878
74885
74888
74924
74970
74984
74996
75009
75021
75025
75030
75033
75068
75082
75099
75121
75147
75173
75180
75291
75344
75376
75412
75421
75430
75435
75520
75576
75713
75770
75797
75828
75863
75982
76010
76061
76074
76158
76175
76256
76305
76347
76371
76418
76441
76445
76456
76462
76501
76528
76542
76585
76608
76641
76651
76669
76675
76693
76699
76714
76802
76819
76852
76881
76907
76946
76974
76996
76997
77023
77135
77262
77290
77294
77304
77306
77325
77335
77343
77399
77413
77487
77501
77505
77520
77545
77560
77568
77600
77618
77643
77669
77810
77893
77916
77984
78030
78071
78085
78090
78162
78215
78377
78404
78449
78512
78524
78587
78612
78645
78648
78677
78704
78749
78759
78789
78807
78868
78879
78881
78892
78971
78977
78997
79007
79011
79072
79077
79102
79107
79140
79251
79283
79319
79396
79411
79478
79505
79510
79523
79563
79594
79656
79661
79676
79680
79729
79755
79764
79778
79794
79843
79857
79862
79864
79870
79880
79949
80072
80078
80079
80116
80126
80128
80165
80176
80199
80295
80323
80418
80422
80541
80598
80613
80622
80638
80658
80663
80667
80669
80680
80716
80734
80754
80757
80759
80771
80773
80786
80798
80801
80807
80810
80824
80825
80827
80832
80833
80836
80839
80849
80854
80865
80877
80881
80883
80901
80912
80913
80933
80988
81004
81008
81010
81011
81028
81035
81038
81054
81092
81127
81137
81146
81151
81159
81162
81203
81227
81250
81279
81302
81306
81363
81380
81408
81426
81429
81437
81447
81460
81463
81467
81473
81477
81478
81479
81481
81483
81491
81501
81502
81504
81505
81513
81518
81519
81520
81522
81523
81531
81535
81542
81544
81547
81554
81555
81559
81561
81562
81563
81564
81571
81572
81573
81574
81576
81581
81585
81586
81591
81592
81595
81602
81604
81610
81611
81612
81613
81616
81622
81624
81626
81627
81629
81632
81634
81636
81639
81641
81643
81645
81646
81652
81654
81655
81664
81667
81668
81673
81677
81679
81693
81696
81698
81699
81701
81705
81709
81715
81718
81719
81720
81722
81724
81725
81727
81729
81736
81737
81741
81742
81744
81751
81754
81755
81756
81758
81760
81762
81763
81769
81771
81772
81783
81790
81803
81837
81841
81860
81875
81881
81882
81885
81923
82012
82019
82022
82030
82056
82078
82086
82089
82093
82119
82122
82166
82178
82179
82184
82186
82256
82261
82262
82271
82284
82294
82302
82309
82334
82346
82347
82374
82385
82421
82452
82497
82534
82543
82544
82550
82587
82613
82632
82641
82651
82686
82695
82723
82726
82733
82750
82751
82764
82784
82793
82802
82823
82827
82842
82851
82864
82872
82888
82902
82905
82915
82953
82957
82971
82972
82991
82996
83003
83009
83018
83034
83038
83049
83086
83098
83112
83126
83134
83141
83152
83161
83167
83188
83223
83249
83250
83286
83299
83352
83354
83379
83399
83401
83425
83439
83445
83450
83456
83479
83512
83520
83531
83543
83544
83551
83552
83561
83565
83603
83616
83622
83625
83634
83639
83642
83660
83671
83715
83745
83753
83755
83778
83783
83798
83810
83851
83864
83899
83907
83912
83914
83915
83935
83953
83988
83999
84001
84012
84029
84036
84079
84090
84102
84104
84149
84162
84178
84201
84202
84220
84223
84228
84270
84289
84292
84295
84303
84325
84341
84383
84440
84457
84458
84486
84496
84512
84516
84521
84568
84575
84578
84592
84641
84661
84672
84676
84696
84709
84710
84714
84719
84741
84749
84753
84774
84776
84783
84793
84796
84838
84847
84860
84870
84884
84887
84890
84900
84947
84950
84957
84961
84973
84976
84978
84983
84994
84997
85005
85010
85021
85040
85041
85049
85086
85088
85094
85101
85105
85122
85140
85152
85159
85173
85174
85179
85187
85202
85216
85222
85238
85264
85279
85284
85297
85300
85313
85314
85315
85325
85330
85332
85339
85340
85342
85344
85345
85346
85347
85348
85350
85351
85352
85353
85354
85355
85357
85358
85359
85363
85364
85365
85368
85369
85370
85371
85372
85373
85375
85378
85379
85380
85381
85382
85383
85387
85388
85389
85391
85392
85393
85394
85395
85397
85398
85399
85401
85402
85403
85405
85406
85407
85410
85411
85413
85414
85415
85417
85419
85420
85421
85422
85424
85425
85426
85427
85428
85429
85430
85431
85432
85433
85434
85435
85436
85437
85438
85440
85441
85443
85444
85446
85447
85448
85450
85451
85452
85453
85454
85455
85456
85457
85458
85459
85461
85462
85463
85465
85466
85467
85469
85470
85471
85473
85476
85478
85480
85482
85483
85485
85487
85488
85489
85490
85491
85492
85494
85495
85496
85497
85498
85499
85501
85503
85504
85505
85507
85508
85510
85511
85512
85513
85515
85517
85519
85520
85523
85525
85526
85527
85528
85530
85532
85533
85534
85535
85536
85537
85539
85541
85542
85543
85544
85545
85548
85550
85551
85552
85553
85554
85555
85556
85557
85559
85560
85561
85563
85565
85566
85567
85570
85571
85572
85573
85574
85575
85576
85578
85581
85582
85586
85588
85590
85600
85601
85602
85603
85606
85607
85609
85611
85612
85613
85615
85616
85618
85619
85620
85623
85624
85625
85627
85628
85629
85630
85631
85632
85633
85634
85635
85636
85637
85638
85639
85642
85643
85644
85645
85646
85648
85650
85651
85652
85653
85654
85655
85657
85660
85661
85662
85663
85664
85665
85666
85669
85670
85671
85672
85673
85674
85675
85676
85677
85678
85679
85680
85683
85684
85686
85688
85689
85691
85692
85693
85694
85695
85696
85697
85698
85700
85702
85703
85704
85705
85706
85707
85708
85710
85711
85712
85714
85715
85716
85717
85718
85719
85720
85721
85722
85723
85724
85725
85726
85730
85732
85734
85735
85736
85737
85738
85740
85743
85746
85747
85748
85751
85753
85754
85755
85759
85761
85763
85764
85765
85766
85767
85770
85771
85772
85775
85776
85777
85779
85781
85782
85783
85784
85785
85786
85788
85790
85794
85795
85796
85797
85799
85801
85802
85803
85804
85805
85806
85808
85811
85812
85814
85815
85816
85818
85820
85821
85861
85890
85894
85900
85902
85920
85934
85977
85980
85982
86010
86014
86026
86028
86039
86068
86084
86087
86113
86138
86152
86155
86171
86173
86182
86199
86252
86256
86276
86290
86295
86299
86343
86353
86379
86397
86434
86451
86463
86467
86503
86525
86551
86567
86572
86581
86582
86637
86668
86692
86713
86753
86769
86791
86816
86824
86826
86839
86841
86849
86877
86935
86952
86956
86962
86973
86989
86995
86997
87012
87024
87034
87046
87059
87078
87089
87145
87204
87253
87283
87293
87297
87312
87368
87432
87434
87458
87464
87477
87480
87482
87486
87505
87507
87534
87542
87547
87573
87613
87631
87670
87677
87695
87702
87723
87764
87776
87786
87793
87801
87820
87895
87913
87915
87919
87989
87997
88000
88002
88043
88088
88113
88119
88124
88132
88156
88176
88182
88209
88213
88225
88265
88273
88297
88324
88337
88354
88467
88524
88541
88550
88561
88582
88589
88603
88621
88623
88632
88652
88713
88747
88774
88779
88790
88823
88828
88844
88881
88899
88928
88932
88951
88966
88967
88968
89000
89015
89017
89055
89061
89072
89085
89091
89106
89120
89196
89229
89234
89244
89274
89291
89313
89368
89423
89425
89437
89461
89535
89584
89604
89612
89627
89644
89648
89654
89693
89698
89709
89715
89738
89741
89764
89769
89771
89779
89820
89827
89829
89845
89856
89858
89862
89868
89885
89886
89902
89924
89934
89936
89942
89944
89952
89974
90015
90029
90030
90038
90039
90052
90059
90065
90072
90092
90096
90115
90127
90132
90133
90166
90189
90194
90201
90203
90207
90214
90223
90240
90244
90272
90274
90278
90285
90295
90299
90306
90308
90339
90341
90359
90366
90369
90400
90426
90434
90455
90469
90493
90500
90511
90523
90527
90529
90533
90539
90542
90558
90562
90567
90568
90570
90574
90603
90605
90617
90618
90629
90642
90645
90650
90653
90660
90664
90665
90666
90697
90708
90729
90738
90749
90772
90783
90784
90813
90817
90820
90822
90845
90865
90870
90879
90923
90943
90947
90958
90975
90976
90981
90990
90996
91009
91013
91018
91058
91089
91092
91095
91102
91111
91128
91151
91173
91184
91188
91201
91217
91226
91242
91248
91259
91261
91264
91266
91271
91272
91313
91316
91317
91320
91334
91346
91353
91360
91369
91373
91378
91394
91395
91403
91409
91412
91418
91431
91443
91445
91474
91477
91482
91484
91493
91503
91505
91506
91519
91540
91546
91549
91558
91559
91561
91577
91585
91593
91595
91596
91603
91606
91620
91674
91675
91692
91696
91698
91710
91718
91720
91723
91729
91745
91748
91758
91759
91766
91767
91768
91789
91800
91809
91821
91841
91851
91858
91860
91876
91879
91881
91882
91893
91903
91906
91925
91950
91969
91985
91988
92014
92038
92050
92060
92070
92093
92098
92113
92114
92119
92139
92140
92143
92149
92158
92161
92164
92169
92189
92193
92224
92251
92257
92258
92263
92267
92285
92288
92291
92295
92303
92305
92327
92334
92346
92363
92378
92412
92414
92426
92457
92460
92468
92478
92484
92500
92520
92535
92571
92590
92602
92627
92648
92656
92657
92663
92672
92675
92690
92692
92701
92705
92728
92730
92750
92751
92769
92775
92777
92803
92810
92814
92825
92838
92847
92849
92854
92858
92861
92866
92875
92888
92890
92892
92904
92905
92910
92912
92916
92926
92933
92934
92936
92943
92971
92974
92985
92990
92995
93002
93015
93024
93033
93037
93041
93064
93082
93086
93089
93120
93126
93132
93145
93153
93156
93168
93172
93176
93182
93187
93192
93204
93209
93211
93224
93247
93269
93272
93276
93301
93304
93317
93330
93333
93335
93343
93362
93373
93375
93379
93381
93425
93429
93434
93435
93447
93455
93460
93472
93483
93484
93486
93491
93495
93510
93519
93536
93537
93542
93549
93553
93556
93568
93574
93586
93595
93602
93604
93611
93627
93631
93641
93642
93667
93675
93676
93684
93707
93710
93717
93721
93722
93731
93734
93760
93819
93857
93858
93865
93889
93892
93899
93912
93918
93928
93933
93947
93952
93960
93961
93974
93982
93997
94002
94017
94033
94036
94042
94049
94066
94086
94088
94090
94092
94101
94112
94115
94125
94143
94147
94150
94152
94154
94169
94554
2
4
10
12
25
30
31
32
57
71
144
176
187
192
194
21550
21552
21554
21556
21562
21577
21582
21589
21616
21624
21636
21643
21649
21654
21657
21677
21678
21680
21690
21706
21707
21709
21720
21738
21773
21794
21801
21802
21812
21826
21833
21843
21847
21849
21860
21861
22620
21549
21632
21740
21744
21749
21750
21755
21862
23304
25674
25675
25676
25678
25680
25681
25683
25684
25685
25691
25693
25694
25695
25696
25702
25705
25706
25710
25712
25716
25721
25722
25723
25725
25731
25732
25733
25734
25735
25740
25742
25744
25745
25748
25749
25750
25751
25754
25755
25758
25768
25769
25770
25776
25777
25778
25780
25781
25783
25787
25789
25790
25791
25792
25793
25799
25800
25802
25803
25807
25809
25811
25812
25816
25818
25820
25821
25825
25826
25829
25830
25831
25833
25835
25836
25842
25843
25845
25846
25848
25849
25853
25855
25857
25859
25863
25864
25872
25875
25879
25884
25885
25889
25895
25902
25903
25907
25908
25909
25911
25912
26867
26868
26869
26870
26871
26872
26874
26875
26879
26880
26881
26883
26884
26885
26889
26890
26891
26896
26898
26901
26902
26904
26905
26906
26907
26908
26910
26911
26913
26916
26917
26918
26920
26923
26924
26925
26927
26928
26930
26932
26933
26934
26937
26939
26940
26942
26943
26944
26945
26946
26948
26950
26951
26952
26953
26954
26955
26956
26960
26961
26962
26963
26964
26966
26967
26968
26969
26972
26976
26977
26978
26979
26981
27303
30671
69367
69358
30523
69369
25822
30190
69782
69354
25720
25910
25773
58911
25700
69342
69378
30150
25854
69359
69340
69365
69341
25839
25913
69364
28974
69346
30037
30142
30249
30308
30511
69541
25788
30028
30507
69351
69880
69349
997
25862
30014
30029
30039
30040
30048
30056
30069
30074
30082
30088
30092
30094
30109
30113
30115
30117
30137
30144
30162
30169
30176
30188
30212
30214
30218
30228
30230
30243
30246
30268
30275
30278
30281
30287
30291
30299
30307
30356
30365
30389
30407
30408
30425
30455
30458
30470
30477
30499
30518
30521
30527
30559
30563
30566
30575
30593
30599
30601
30609
30614
30626
30635
30639
30644
30648
30652
30653
30656
30657
30666
30676
30682
30684
30685
30718
30720
30723
30737
30746
30752
30757
30771
30787
69371
69542
69867
26980
25762
69348
69360
25817
30151
30512
69619
69627
23218
23334
23244
23251
23288
715
833
1158
1296
1580
2976
3906
4105
5038
5393
6078
6330
6464
6951
7908
8415
8765
8876
8885
8886
8912
9000
9948
10653
10654
11737
12093
12359
12433
12847
13256
13393
13618
13623
14202
14318
14388
14395
15179
15376
15462
15525
15616
15711
15755
15998
16074
16258
16273
16367
16436
16607
16766
16777
16847
16923
16966
16978
16981
17000
17098
17145
17151
17198
17233
17289
17321
17432
17451
17717
17763
17773
17815
17818
18004
18049
18100
18109
18268
18271
18328
21189
21198
21924
21931
21935
22001
22018
22085
22119
22120
22130
22185
22190
22194
22205
22208
22216
22229
22252
22277
22278
22280
22281
22291
22303
22310
22317
22321
22326
22327
22341
22346
22372
22377
22384
22393
22403
22406
22414
22417
22419
22421
22426
22431
22432
22434
22435
22442
22445
22450
22457
22458
22470
22471
22477
22480
22485
22488
22490
22498
22502
22509
22510
22512
22526
22531
22537
22540
22554
22558
22565
22572
22578
22589
22594
22611
22635
22641
22642
22643
22647
22651
22654
22659
22663
22669
22670
22673
22679
22680
22694
22704
22711
22714
22728
22735
22736
22739
22741
22743
22745
22747
22750
22754
22768
22773
22777
22783
22790
22792
22794
22798
22805
22812
22813
22818
22823
22832
22835
22842
22844
22849
22857
22858
22863
22865
22866
22871
22872
22873
22875
22885
22887
22888
22890
22894
22908
22916
22918
22921
22923
22924
22928
22956
22959
22966
22974
22978
22982
22986
22993
22995
22999
23000
23005
23016
23017
23026
23027
23029
23031
23032
23038
23053
23066
23073
23078
23079
23082
23094
23104
23123
23142
8695
23239
23264
23195
23235
23282
23324
23353
23354
25536
25259
25359
25346
25622
25360
25240
23772
24004
25169
25182
23711
24251
24581
23932
24022
23763
24056
24648
23634
23784
23895
23996
24240
24502
24733
24786
25122
25279
25429
25655
24301
25511
23748
23762
24105
24118
24156
24013
25342
23590
23672
23767
24028
24133
24150
24220
24225
24279
24545
24673
24894
25023
25029
25064
25124
25188
25572
25620
23460
23619
23726
23729
23732
23734
23759
23779
23824
24058
24143
24167
23572
23589
23608
23622
23727
23794
23808
23839
23875
23943
24029
24075
24533
24587
24635
24696
24766
24796
25072
25914
1624
3736
8306
9703
9722
10015
11289
11361
12351
12447
13234
13827
13973
14390
16043
16218
16449
17765
17772
17800
18124
22415
22742
22744
22753
22776
22785
22796
22797
22831
22843
23004
23012
23030
23213
23463
23530
23693
23896
24082
24154
24312
24328
24340
24349
24352
24392
24474
24506
24510
24573
24657
24686
24693
24697
24702
24747
24816
24817
24854
24888
24914
24927
24935
24949
24971
24997
25002
25003
25055
25070
25120
25207
25299
25328
25389
25613
25632
25653
25658
25665
25926
25933
25952
25964
25976
25978
26021
26033
26044
26096
26105
26112
26125
26128
26129
26135
26137
26146
26151
26167
26169
26173
26175
26186
26189
26205
26207
26208
26236
26243
26250
26290
26304
22862
26180
3885
3886
26215
6173
8025
8907
15353
15517
15594
16524
17740
18012
18262
21992
22330
22335
22501
24231
24400
24432
24582
25000
25079
25106
25224
25588
25667
25668
26293
26192
24115
24377
24508
24547
24601
24649
24800
24856
24974
24996
25449
10841
25105
16105
16108
17726
22023
22913
23116
23265
24405
24516
24613
24749
24930
24980
25305
17728
23778
24027
24060
24157
24263
24280
26476
23753
26025
26077
26108
26124
26131
26073
26085
26093
26100
26104
23599
26662
26722
26730
26334
26346
26388
26406
26410
26520
26545
26566
26577
26616
26643
26673
26703
26761
26831
26835
26858
26862
27006
27007
27010
27015
27021
27085
27087
27103
27108
27132
27154
27155
27163
27173
26326
26332
26404
26434
26564
26596
26622
26629
26633
26659
26663
26708
26739
26747
26757
26778
26989
27069
27081
27135
27138
27213
22116
24539
25177
25246
25247
25651
27219
9674
13644
16151
16322
16435
24504
24835
24931
25086
26183
26191
27121
27274
27301
3951
4944
4955
5061
6962
7949
8333
10821
11403
13601
14443
14452
15657
16162
16811
17681
17725
22691
22703
23199
23280
23492
23789
23848
24410
24443
24500
24795
24911
24916
24918
25011
25339
25652
26037
26148
26289
26310
26359
26382
26385
26555
26635
26732
26815
26834
27008
27024
27026
27036
27076
27090
27099
27144
27185
27188
27277
12280
26375
26556
23651
27283
22182
27276
3614
13313
16064
17774
25510
27075
27190
27216
27239
27241
27244
27249
27258
27266
23869
23953
27251
27279
27284
24982
24992
25918
25921
25934
25941
25961
25970
25990
26051
26075
26088
26092
26106
26118
26121
26127
26132
26145
26162
26489
26553
26726
26830
24222
24298
24542
26549
26640
26674
26795
27001
27028
26817
23620
26509
26768
23594
23680
23687
23689
23768
23803
23919
23965
24032
24069
24163
24183
24199
24236
24568
24778
25113
25213
26356
26377
26428
26455
26485
26526
26582
26587
26614
26619
26651
26654
26685
26689
26693
26727
26780
26829
26844
26998
27052
27088
5474
10745
10805
11859
11861
12299
13377
15471
16381
16393
17466
17476
22287
23432
23433
23441
23446
23450
23451
23500
23511
23514
24247
24640
25043
25416
25439
26351
26597
27306
23849
24984
25071
25927
25942
25949
25971
26126
27115
27116
27186
27295
24108
26408
26491
26495
26631
26682
26738
26691
24093
24112
24129
26785
27514
27595
27676
27725
27766
24242
27489
27537
27770
27878
28142
24178
24664
26562
26684
27444
27557
27675
27717
27787
27815
27852
23917
24998
25260
26627
27509
27674
27765
28392
28442
28638
28843
28943
9878
23913
24531
27231
27263
27319
27487
27527
27737
27845
28044
28363
28476
28485
28521
28539
28576
28647
28669
28710
28742
28794
28824
28841
28857
28901
28938
28951
29025
29084
29102
27424
27773
27788
23781
26612
27524
27690
27783
4467
7041
10705
11806
12474
13647
16050
16157
16477
16781
16916
17284
17305
17659
18332
21997
22010
22237
22568
22689
22781
22977
23045
23232
23356
23392
24331
24363
24507
24764
24790
24891
24901
26558
27074
27330
27394
27429
27473
27496
27549
27576
27696
27809
27895
27901
27916
27922
27926
27946
27958
27968
27970
27978
27987
28012
28043
28048
28087
28101
28104
28126
28165
28187
28193
28195
28213
28247
28250
28278
28284
28330
28386
28396
28556
28564
28578
28579
28580
28639
28698
28723
28756
28801
28896
29027
29048
29068
29082
29093
29103
29106
29107
29114
29120
29131
29143
13283
24320
24575
24967
26141
26160
26166
26174
27097
27109
27372
27795
27969
27999
28053
28066
28129
28234
28240
28269
28272
28280
28419
28446
28471
28494
28528
28607
28645
28686
28691
28727
28741
28800
28803
28846
28874
28882
28927
28944
28961
28983
28993
29037
29040
29051
29083
29100
29110
29112
29135
29139
29146
22021
28282
28571
28667
29087
29117
8803
22481
22996
23558
24397
25021
28204
22196
28259
28897
28975
29072
29094
29127
29152
29177
27126
27545
23736
23962
24520
24662
28289
28303
28304
28310
28315
28368
28370
28374
28405
28408
28409
28414
28425
28439
28448
28452
28453
28462
28474
28477
28478
28481
28499
28501
28502
28507
28532
28545
28546
28548
28549
28562
28569
28577
28626
28636
28661
28665
28679
28704
28728
28747
28751
28759
28776
28778
28793
28795
28806
28842
28844
28845
28866
28886
28894
28924
28926
28946
28963
28163
28287
28345
28347
28352
28365
28372
28399
28404
28438
28504
28525
28560
28574
28585
28668
28672
28673
28722
28726
28737
28738
28740
28828
28847
28912
28916
28917
28333
28692
28757
29246
989
1738
1869
1895
3757
5300
5378
8313
8348
10727
10860
11302
11453
11922
12821
12824
13388
13634
13822
13962
14177
14249
14954
16160
16222
16383
16775
16918
16942
17158
17675
18048
18099
21961
22400
22810
23055
23278
23954
24119
24499
25053
25144
25163
25923
25939
25954
25983
26004
26161
26163
26172
26235
26299
26438
26456
26808
27149
27445
27513
27546
27589
27619
27897
27899
27914
27950
27961
28096
28268
28512
28527
28596
28610
28675
28676
28869
28942
28962
28981
29213
29258
29554
29564
29597
29600
29611
29624
29642
29756
29763
29768
29777
29985
29986
67822
67824
67825
67827
67828
67831
67832
67833
67834
67836
67837
67838
67839
67841
67842
67843
67844
67845
67846
67847
67848
67850
67851
67852
67853
67854
67855
67856
67857
67858
67859
67860
67861
67862
67863
67864
67865
67866
67867
67870
67872
67873
67874
67875
67876
67878
67879
67880
67881
67882
67884
67885
67886
67889
67890
67891
67892
67893
67894
67895
67896
67897
67898
67899
67900
67901
67902
67903
67904
67905
67906
67908
67909
67910
67911
67912
67913
67914
67916
67917
67918
67919
67920
67921
67922
67923
67925
67926
67927
67928
67930
67931
67932
67935
67936
67968
67985
67988
67990
67999
68013
68029
68033
68040
68046
68061
68062
68068
68073
68077
68098
68100
68109
68115
68124
68126
68135
68142
68158
68159
68160
68169
68173
68191
68199
68214
68216
68222
68225
68226
68227
68232
68235
68257
68270
68272
68277
68297
68311
68312
68331
68333
68335
68353
68357
68359
68364
68369
68380
68387
68390
68391
68396
68397
68398
68399
68400
68402
68404
68412
68428
68443
68448
68449
68450
68455
68465
68485
68487
68496
68501
68510
68522
68531
68547
68549
68553
68569
68577
68578
68581
68583
68585
68596
68597
68607
68609
68611
68619
68624
68638
68643
68654
68656
68659
68662
68672
68694
68709
68728
68729
68734
68735
68740
68741
68747
68754
68771
68776
68779
68782
68785
68788
68789
68790
68792
68802
68803
68804
68805
68816
68818
68820
68821
68826
68829
68831
68832
68835
68839
68841
68843
68854
68856
68857
68858
68859
68861
68864
68866
68867
68868
68869
68871
68872
68875
68876
68878
68883
68884
68885
68889
68890
68891
68893
68894
68897
68898
68901
68902
68903
68906
68907
68908
68909
68910
68911
68912
68913
68915
68918
68919
68920
68924
68925
68926
68927
68928
68929
68930
68931
68933
68934
68936
68937
68938
68940
68944
68945
68946
68947
68949
68952
68954
68955
68956
68957
68958
68959
68962
68964
68965
68966
68967
68968
68969
68970
68971
68973
68974
68975
68977
68992
68997
69015
69020
69067
69068
69069
69070
69072
69074
69075
69083
69088
69096
69108
69122
69143
69160
69161
69163
69171
69172
69182
69203
69215
69227
69238
69240
69250
69253
69265
69315
69325
36396
46291
36256
47169
17177
24100
24436
26113
27363
28090
28229
29766
31166
31170
31237
31514
31843
31846
31917
32077
32234
32509
32781
32782
32856
35764
36020
36309
36866
37033
37253
37299
37519
37950
38019
38272
39024
39300
39341
39381
39527
39544
39740
40068
40577
40855
40965
42274
42616
42705
43047
43531
43935
44485
44620
44980
45283
45766
45839
46190
46604
46741
46745
46798
47440
47539
47551
47839
48150
48293
48621
48637
48813
48880
49088
49388
49404
49670
49792
49834
49991
50095
50111
50143
50421
50575
50983
50999
51117
51185
51189
51217
51317
51407
51409
51537
51549
51553
51663
51777
51889
67581
67623
67648
68080
68180
68209
68327
68410
68750
68819
68853
69496
69643
14187
37012
28819
52073
69761
48892
32171
48948
35790
36008
39943
42758
49786
49796
50677
51757
51807
69049
69674
1579
3584
6288
8132
12298
14214
14347
14363
15983
16082
16613
16784
17037
17465
18298
18302
22221
22467
22952
22976
22988
23061
23128
23182
23229
23522
23612
23909
24369
24448
24486
24599
24682
24688
24784
24808
24842
24953
24958
25027
25061
25063
25199
25226
25276
25506
25524
26115
26218
26357
26367
26466
26500
26570
26571
26589
26733
26751
26855
27071
27083
27107
27110
27112
27148
27170
27260
27261
27341
27453
27455
27486
27553
27572
27611
27632
27636
27657
27663
27682
27711
27746
27763
27825
27838
27900
27935
27937
27938
27940
27966
27977
27991
28010
28067
28074
28105
28174
28199
28211
28218
28244
28281
28283
28291
28296
28331
28422
28509
28563
28641
28680
28734
28861
28890
28936
29007
29017
29026
29039
29058
29059
29061
29113
29115
29136
29138
29142
29151
29159
29187
29189
29195
29198
29199
29205
29215
29220
29226
29247
29248
29262
29269
29280
29307
29331
29350
29357
29375
29377
29380
29393
29397
29398
29410
29428
29455
29482
29497
29509
29511
29516
29534
29544
29563
29569
29580
29584
29621
29629
29636
29649
29661
29671
29673
29677
29686
29687
29694
29695
29696
29698
29720
29725
29730
29736
29755
29758
29765
29767
29784
29788
29792
29805
29806
29816
29823
29827
29841
29872
30452
30597
30611
42072
49334
29669
64
43
22056
22051
21532
22040
56
517
574
811
904
958
1033
1811
26311
29161
94052
94179
94187
94192
94193
84654
85685
90074
23154
23115
23141
23156
23171
23318
23110
23308
282
284
297
314
332
353
364
371
384
390
391
393
415
421
422
429
442
461
479
489
519
547
551
566
568
570
579
614
616
630
648
651
656
690
727
732
735
742
787
799
826
872
888
932
953
983
986
999
1013
1023
1042
1067
1076
1084
1092
1109
1115
1116
1122
1124
1128
1135
1136
1164
1166
1177
1199
1231
1232
1246
1250
1264
1266
1271
1372
1435
1462
1464
1520
1536
1556
1578
1588
1716
1722
1730
1737
1744
1816
1818
1900
1904
1932
1936
1938
2044
2046
2049
2050
2096
2112
2115
2129
2165
2218
2485
2505
2528
2597
2601
2604
2606
2663
2676
2682
2683
2777
2778
2791
2809
2894
2904
2906
2910
2918
2954
2956
2965
2969
2979
3042
3240
3351
3370
3373
3385
3394
3402
3404
3411
3416
3427
3521
3531
3539
3541
3564
3565
3571
3575
3577
3580
3588
3593
3599
3637
3642
3647
3830
3831
3862
3884
3901
3918
3920
3938
3961
3965
3991
3992
3997
4027
4041
4042
4405
4414
4462
4527
4534
4553
4706
4826
4837
4842
4844
4943
4951
4958
4964
4965
4971
4980
4985
5002
5014
5027
5058
5076
5082
5092
5099
5100
5105
5123
5125
5129
5137
5274
5303
5309
5318
5330
5336
5348
5352
5373
5397
5443
5452
5473
5502
5505
5507
5512
5513
5518
5521
5528
5531
5537
5630
5677
5724
6042
6044
6059
6072
6174
6181
6188
6204
6212
6224
6246
6279
6281
6290
6318
6321
6322
6326
6333
6335
6340
6341
6343
6365
6367
6388
6746
6750
6764
6772
6788
6792
6800
6813
6825
6850
6853
6875
6884
6887
6894
6909
6916
6920
6921
6929
6941
6944
6947
6952
6955
6958
6960
6964
6965
6976
6977
7006
7018
7032
7401
7490
7529
7549
7568
7575
7727
7746
7751
7882
7888
7890
7895
7896
7903
7919
7941
7945
7948
7988
8007
8017
8019
8022
8028
8030
8041
8043
8189
8248
8251
8265
8267
8273
8300
8303
8305
8312
8318
8335
8343
8344
8346
8349
8370
8380
8384
8387
8388
8389
8392
8394
8399
8422
8424
8427
8441
8442
8443
8445
8456
8463
8466
8474
8484
8623
8646
8711
8724
8732
8744
8745
8754
8758
8761
8767
8770
8807
8811
8815
8821
8831
8833
8837
8841
8854
8858
8870
8871
8887
8888
8894
8895
8897
8916
8919
8923
8929
8941
8948
8949
8951
8956
8978
8982
9002
9003
9006
9009
9027
9028
9032
9034
9035
9036
9040
9065
9066
9071
9075
9076
9089
9091
9094
9097
9101
9319
9402
9497
9509
9529
9532
9534
9536
9541
9561
9588
9605
9614
9617
9619
9656
9664
9683
9693
9694
9695
9732
9818
9870
9871
9924
9927
9928
9940
9947
9953
9958
9968
9975
9980
9981
9983
9984
9985
9987
9988
9992
9993
9994
10001
10014
10023
10024
10027
10029
10031
10033
10043
10046
10047
10049
10056
10073
10077
10085
10094
10098
10104
10111
10122
10124
10131
10133
10134
10137
10139
10148
10149
10154
10159
10161
10167
10174
10177
10178
10276
10365
10409
10414
10419
10424
10428
10434
10440
10452
10455
10459
10469
10643
10657
10659
10666
10667
10669
10692
10699
10700
10708
10714
10716
10721
10733
10735
10736
10739
10740
10747
10750
10752
10753
10760
10770
10771
10773
10778
10779
10789
10790
10792
10800
10808
10817
10819
10826
10828
10842
10844
10847
10851
10852
10855
10859
10861
10862
10868
10871
10872
10876
10879
10884
10888
10890
10892
10901
10903
10905
10906
10909
11203
11246
11274
11280
11295
11296
11308
11314
11334
11336
11339
11351
11353
11369
11370
11371
11378
11384
11394
11404
11431
11432
11481
11484
11485
11486
11487
11492
11578
11611
11614
11621
11624
11625
11662
11700
11702
11709
11713
11717
11723
11729
11733
11734
11740
11743
11745
11758
11759
11763
11766
11774
11776
11778
11779
11780
11785
11786
11787
11791
11793
11798
11799
11804
11812
11815
11818
11823
11826
11831
11834
11837
11838
11840
11843
11844
11846
11847
11848
11851
11852
11856
11857
11860
11862
11863
11864
11865
11871
11874
11885
11888
11891
11893
11894
11896
11899
11900
11909
11910
11912
11919
11921
11928
11931
11932
11940
11941
11942
12094
12095
12096
12104
12105
12112
12194
12202
12204
12205
12217
12223
12224
12225
12227
12228
12229
12230
12231
12235
12236
12241
12248
12251
12253
12258
12276
12281
12282
12288
12289
12293
12297
12302
12303
12311
12316
12319
12320
12331
12348
12349
12350
12357
12361
12364
12367
12368
12369
12374
12375
12378
12380
12384
12387
12392
12394
12395
12396
12397
12398
12401
12402
12403
12405
12406
12407
12409
12414
12419
12424
12426
12428
12431
12436
12438
12440
12441
12442
12445
12446
12450
12451
12453
12454
12456
12458
12459
12462
12464
12465
12467
12468
12472
12473
12477
12478
12479
12483
12722
12723
12730
12733
12737
12740
12745
12747
12748
12749
12753
12756
12761
12763
12767
12768
12776
12782
12784
12785
12787
12788
12790
12791
12795
12797
12798
12802
12804
12805
12808
12809
12811
12812
12813
12815
12817
12818
12822
12830
12837
12838
12839
12841
12844
12848
12849
12850
12851
12852
12853
12855
12857
12858
12861
12862
12864
12866
12868
12870
13189
13219
13220
13221
13223
13230
13231
13233
13242
13245
13248
13258
13262
13263
13264
13266
13272
13275
13278
13280
13281
13285
13289
13292
13293
13294
13295
13296
13297
13298
13299
13301
13304
13305
13307
13308
13309
13310
13314
13316
13317
13318
13319
13330
13334
13335
13337
13340
13342
13350
13354
13356
13365
13369
13385
13390
13397
13401
13402
13403
13408
13409
13411
13412
13413
13417
13539
13543
13569
13591
13596
13612
13619
13621
13622
13628
13637
13638
13639
13641
13642
13643
13645
13648
13651
13653
13654
13656
13665
13668
13669
13675
13698
13700
13702
13710
13713
13718
13719
13720
13722
13725
13728
13730
13735
13740
13744
13745
13750
13753
13756
13757
13758
13779
13780
13803
13804
13807
13814
13815
13818
13819
13828
13829
13893
13902
13903
13908
13911
13916
13946
13950
13951
13957
13958
13971
13976
13981
13986
13991
13993
14001
14003
14009
14013
14020
14023
14032
14039
14040
14042
14043
14046
14052
14053
14054
14056
14062
14066
14071
14073
14074
14076
14078
14079
14081
14082
14085
14091
14094
14103
14105
14120
14128
14136
14147
14150
14152
14154
14157
14158
14159
14161
14162
14164
14168
14169
14170
14173
14174
14175
14182
14183
14185
14186
14188
14190
14191
14192
14193
14196
14199
14201
14203
14204
14205
14215
14217
14218
14219
14220
14224
14225
14228
14232
14233
14234
14236
14238
14247
14251
14252
14254
14255
14256
14258
14260
14261
14263
14269
14279
14280
14282
14293
14299
14300
14315
14321
14327
14334
14335
14337
14339
14340
14341
14349
14351
14356
14360
14367
14368
14369
14371
14372
14373
14376
14377
14379
14383
14391
14392
14403
14404
14407
14409
14412
14414
14416
14418
14420
14421
14425
14427
14434
14438
14444
14457
14459
14461
14463
14465
14468
14469
14470
14471
14473
14475
14477
14479
14480
14483
14484
14485
14486
14488
14706
14716
14816
14850
14950
14959
14962
14963
14965
14966
15037
15088
15091
15094
15096
15103
15104
15106
15107
15117
15173
15180
15184
15188
15189
15197
15199
15200
15201
15202
15203
15204
15206
15208
15214
15215
15218
15224
15227
15237
15241
15245
15251
15261
15266
15267
15270
15273
15274
15346
15358
15382
15383
15450
15465
15466
15476
15492
15504
15515
15520
15522
15524
15537
15569
15571
15573
15575
15576
15581
15589
15591
15610
15612
15617
15622
15638
15639
15646
15659
15666
15682
15683
15685
15690
15697
15701
15703
15708
15709
15710
15722
15730
15765
15772
15773
15776
15780
15785
15786
15787
15788
15789
15791
15792
15799
15813
15814
15818
15820
15821
15822
15827
15839
15871
15884
15890
15892
15899
15907
15913
15920
15926
15927
15930
15931
15934
15935
15943
15950
15960
15967
15987
15988
16002
16014
16019
16020
16028
16030
16036
16041
16045
16048
16049
16056
16059
16062
16065
16070
16072
16076
16078
16081
16085
16086
16097
16099
16100
16101
16102
16103
16107
16154
16155
16158
16163
16165
16169
16170
16190
16210
16214
16217
16219
16220
16221
16248
16250
16252
16253
16254
16255
16257
16263
16272
16274
16280
16282
16311
16317
16343
16361
16392
16404
16428
16474
16496
16540
16554
16581
16595
16604
16605
16614
16754
16789
16814
16826
16898
16901
16946
16957
16964
16969
16970
16980
17004
17011
17019
17023
17031
17035
17036
17041
17045
17049
17070
17107
17108
17110
17114
17116
17117
17118
17119
17127
17157
17160
17178
17191
17200
17232
17241
17242
17254
17279
17292
17297
17317
17409
17438
17497
17499
17500
17504
17512
17656
17658
17663
17665
17670
17671
17694
17697
17716
17718
17736
17737
17746
17748
17759
17771
17790
17804
17807
17814
17817
17987
17991
17992
17999
18001
18005
18008
18010
18014
18016
18017
18023
18024
18029
18034
18038
18040
18043
18047
18053
18067
18068
18072
18074
18089
18090
18093
18096
18101
18102
18104
18114
18115
18121
18122
18125
18130
18134
18136
18137
18138
18140
18144
18145
18146
18148
18149
18153
18156
18157
18158
18161
18169
18170
18171
18172
18175
18179
18181
18182
18184
18187
18197
18200
18201
18205
18206
18214
18216
18217
18219
18222
18224
18225
18254
18263
18270
18297
18301
18304
18308
18309
21180
21196
21197
21869
21871
21886
21891
21896
21898
21899
21908
21911
21915
21921
21923
21930
21933
21940
21943
21958
21960
21962
21968
21980
21983
21984
21987
21999
22009
22017
22019
22020
22022
22046
22139
22142
23369
26313
23544
23331
23339
23501
23519
11474
6209
23311
23329
23335
23336
23337
23338
23347
23359
23375
23376
23161
26067
21996
23330
29176
